Contour 1:
(355, 49)
(360, 51)
(356, 49)
(361, 47)
(360, 45)
(360, 47)
(363, 47)
(364, 47)
(366, 48)
(367, 47)
(364, 45)
(369, 45)
(369, 46)
(371, 49)
(370, 47)
(369, 48)
(371, 52)
(372, 49)
(373, 50)
(372, 51)
(372, 46)
(371, 50)
(369, 46)
(369, 47)
(364, 48)
(366, 48)
(363, 45)
(364, 44)
(363, 46)
(362, 48)
(359, 49)
(360, 50)
(356, 49)
(357, 48)

Contour 2:
(374, 52)

Contour 3:
(373, 56)

Contour 4:
(375, 60)
(376, 57)

Contour 5:
(355, 57)
(356, 59)
(355, 57)
(357, 53)
(354, 52)
(354, 54)
(354, 56)
(355, 56)
(357, 57)
(352, 56)

Contour 6:
(379, 63)
(377, 66)
(378, 64)
(375, 63)
(377, 60)
(376, 62)
(377, 62)
(379, 63)
(376, 62)
(377, 66)

Contour 7:
(379, 70)
(379, 71)
(377, 69)
(376, 68)
(377, 67)
(377, 69)

Contour 8:
(350, 72)
(351, 68)
(349, 70)
(352, 66)
(352, 65)
(351, 65)
(352, 63)
(352, 61)
(352, 62)
(355, 62)
(351, 59)
(353, 59)
(353, 63)
(350, 64)
(354, 66)
(351, 64)
(350, 65)
(353, 65)
(350, 70)
(349, 70)

Contour 9:
(378, 71)

Contour 10:
(377, 77)
(380, 76)

Contour 11:
(378, 81)
(380, 83)
(380, 81)
(382, 81)
(379, 80)
(382, 80)
(378, 80)
(380, 83)

Contour 12:
(351, 88)
(349, 83)
(351, 85)
(351, 81)
(349, 81)
(351, 81)
(350, 78)
(347, 80)
(349, 79)
(349, 75)
(351, 76)
(352, 73)
(350, 75)
(351, 71)
(350, 73)
(350, 74)
(351, 72)
(349, 74)
(349, 74)
(348, 75)
(348, 79)
(350, 78)
(348, 79)
(348, 82)
(347, 81)
(351, 83)
(349, 82)
(348, 86)

Contour 13:
(380, 94)
(381, 90)
(379, 91)
(379, 91)
(380, 88)
(380, 87)
(383, 85)
(379, 87)
(379, 91)
(379, 88)
(380, 93)
(380, 91)

Contour 14:
(109, 95)
(112, 93)
(112, 95)
(115, 93)
(115, 92)
(115, 93)
(112, 93)
(111, 95)
(111, 91)
(110, 93)

Contour 15:
(120, 94)
(121, 95)
(120, 94)

Contour 16:
(123, 94)
(123, 94)

Contour 17:
(129, 100)
(128, 98)
(128, 97)
(127, 97)
(126, 94)
(124, 94)
(128, 95)
(129, 97)

Contour 18:
(132, 99)

Contour 19:
(349, 102)
(349, 99)
(349, 101)
(346, 98)
(350, 99)
(350, 97)
(348, 94)
(349, 94)
(347, 93)
(348, 93)
(347, 89)
(348, 90)
(350, 87)
(347, 90)
(350, 89)
(347, 92)
(346, 89)
(346, 92)
(346, 94)
(346, 96)
(350, 95)
(347, 96)
(347, 97)
(349, 99)
(347, 99)
(349, 101)

Contour 20:
(137, 104)
(140, 105)
(138, 101)
(138, 105)
(134, 102)
(134, 99)
(133, 102)
(131, 98)
(131, 100)
(134, 99)
(135, 102)
(134, 105)
(137, 105)
(138, 105)

Contour 21:
(384, 107)
(380, 107)
(380, 105)
(382, 103)
(384, 103)
(382, 104)
(380, 102)
(383, 99)
(380, 101)
(384, 96)
(382, 101)
(382, 100)
(381, 99)
(384, 100)
(384, 104)
(380, 106)
(380, 105)
(381, 106)

Contour 22:
(145, 108)
(145, 107)
(144, 106)
(141, 106)
(140, 108)
(144, 106)
(142, 108)
(143, 108)

Contour 23:
(159, 118)
(159, 118)
(155, 115)
(157, 115)
(152, 116)
(151, 113)
(154, 112)
(150, 111)
(150, 112)
(147, 112)
(146, 112)
(148, 108)
(150, 112)
(151, 108)
(151, 112)
(148, 110)
(152, 114)
(151, 116)
(152, 116)
(153, 117)
(156, 116)
(156, 117)
(159, 115)
(159, 118)

Contour 24:
(381, 126)
(385, 121)
(381, 123)
(382, 121)
(385, 120)
(383, 121)
(384, 120)
(383, 119)
(384, 114)
(385, 119)
(381, 117)
(381, 121)
(384, 120)
(384, 123)
(382, 123)
(384, 123)

Contour 25:
(347, 128)
(347, 126)
(347, 127)
(348, 123)
(347, 125)
(346, 121)
(346, 121)
(349, 119)
(347, 118)
(347, 120)
(348, 120)
(348, 115)
(347, 114)
(345, 113)
(348, 115)
(348, 112)
(346, 110)
(349, 112)
(349, 110)
(347, 107)
(348, 109)
(347, 106)
(347, 110)
(349, 110)
(349, 111)
(345, 111)
(345, 113)
(347, 111)
(349, 115)
(347, 117)
(349, 116)
(349, 117)
(348, 117)
(345, 121)
(348, 119)
(347, 120)
(346, 123)
(349, 124)
(345, 122)
(346, 125)
(349, 124)
(347, 125)

Contour 26:
(174, 131)
(175, 131)
(171, 133)
(169, 130)
(172, 130)
(171, 129)
(170, 126)
(165, 128)
(167, 125)
(165, 123)
(164, 126)
(162, 124)
(163, 124)
(160, 123)
(158, 118)
(162, 119)
(161, 121)
(161, 123)
(166, 126)
(167, 124)
(166, 126)
(167, 126)
(168, 127)
(168, 126)
(168, 128)
(172, 131)
(171, 130)
(174, 134)

Contour 27:
(186, 147)
(187, 146)
(186, 147)
(187, 146)
(184, 143)
(181, 146)
(184, 143)
(181, 140)
(179, 140)
(178, 142)
(181, 141)
(176, 136)
(176, 135)
(177, 134)
(175, 136)
(175, 135)
(175, 138)
(179, 137)
(180, 138)
(177, 141)
(179, 142)
(183, 142)
(180, 141)
(181, 143)
(181, 145)
(182, 144)
(186, 147)
(186, 145)
(184, 147)
(186, 148)

Contour 28:
(189, 155)
(191, 153)
(189, 151)
(191, 151)
(192, 154)

Contour 29:
(191, 156)
(190, 153)

Contour 30:
(157, 157)
(158, 159)
(159, 154)
(157, 154)
(160, 152)
(159, 156)
(157, 153)
(158, 150)
(155, 153)
(153, 149)
(156, 151)
(154, 147)
(154, 145)
(152, 146)
(151, 145)
(150, 143)
(149, 143)
(147, 142)
(148, 143)
(144, 143)
(147, 139)
(144, 141)
(145, 139)
(141, 136)
(142, 138)
(140, 136)
(140, 135)
(139, 137)
(142, 135)
(137, 133)
(138, 135)
(139, 132)
(139, 133)
(134, 130)
(134, 128)
(133, 129)
(132, 127)
(133, 128)
(129, 127)
(131, 123)
(131, 126)
(130, 124)
(129, 122)
(126, 123)
(128, 121)
(126, 119)
(124, 117)
(124, 118)
(123, 116)
(122, 117)
(123, 116)
(119, 113)
(118, 112)
(117, 114)
(117, 114)
(115, 111)
(115, 108)
(116, 109)
(113, 111)
(113, 110)
(111, 108)
(111, 108)
(113, 106)
(109, 103)
(107, 102)
(108, 105)
(108, 104)
(105, 103)
(108, 99)
(109, 98)
(104, 98)
(104, 98)
(108, 99)
(108, 96)
(107, 96)
(107, 93)
(107, 95)
(109, 95)
(109, 94)
(109, 93)
(104, 93)
(107, 95)
(107, 97)
(107, 100)
(105, 100)
(109, 100)
(106, 102)
(110, 104)
(112, 104)
(111, 102)
(111, 103)
(112, 107)
(113, 106)
(117, 106)
(116, 108)
(116, 110)
(116, 113)
(117, 111)
(118, 115)
(123, 116)
(120, 115)
(121, 115)
(125, 116)
(124, 117)
(128, 120)
(125, 119)
(129, 123)
(128, 122)
(132, 121)
(131, 122)
(134, 123)
(134, 124)
(132, 127)
(135, 129)
(138, 127)
(135, 131)
(140, 130)
(137, 134)
(138, 132)
(140, 133)
(141, 134)
(140, 134)
(145, 137)
(142, 140)
(147, 139)
(148, 138)
(148, 139)
(149, 143)
(147, 145)
(151, 142)
(151, 143)
(153, 147)
(155, 146)
(153, 148)
(155, 150)
(156, 150)
(154, 150)
(155, 154)
(155, 155)
(159, 155)
(158, 157)
(157, 158)
(159, 155)

Contour 31:
(194, 158)
(192, 157)

Contour 32:
(386, 160)
(385, 159)
(383, 157)
(385, 158)
(382, 156)
(384, 156)
(385, 155)
(384, 151)
(382, 153)
(383, 149)
(383, 151)
(385, 147)
(383, 146)
(386, 148)
(382, 144)
(383, 145)
(384, 145)
(382, 141)
(385, 143)
(386, 141)
(386, 139)
(383, 141)
(383, 139)
(385, 138)
(385, 138)
(382, 138)
(386, 140)
(382, 141)
(383, 140)
(385, 145)
(384, 143)
(385, 146)
(386, 147)
(386, 147)
(382, 149)
(382, 149)
(382, 152)
(386, 150)
(382, 152)
(382, 151)
(383, 154)
(384, 156)
(382, 154)
(385, 156)
(382, 158)
(385, 158)

Contour 33:
(198, 162)
(197, 161)
(198, 160)
(198, 162)

Contour 34:
(196, 165)
(199, 166)

Contour 35:
(201, 169)
(202, 170)
(199, 166)
(202, 168)

Contour 36:
(168, 171)
(166, 171)
(168, 169)
(165, 169)
(165, 165)
(164, 164)
(161, 163)
(164, 165)
(164, 163)
(163, 160)
(159, 161)
(163, 159)
(163, 158)
(159, 159)
(160, 162)
(164, 163)
(164, 162)
(165, 163)
(165, 165)
(167, 165)
(166, 166)
(167, 165)
(166, 168)
(167, 170)
(170, 169)

Contour 37:
(202, 170)
(200, 173)

Contour 38:
(205, 175)

Contour 39:
(207, 176)
(207, 177)
(205, 174)
(203, 179)

Contour 40:
(210, 186)
(210, 186)
(207, 185)
(210, 185)
(206, 183)
(206, 181)
(204, 182)
(206, 180)
(206, 184)
(207, 182)
(209, 184)
(208, 183)

Contour 41:
(177, 184)
(175, 183)
(175, 183)
(173, 185)
(176, 182)
(173, 181)
(173, 178)
(173, 177)
(170, 177)
(175, 178)
(172, 179)
(172, 177)
(170, 174)
(169, 173)
(171, 175)
(170, 172)
(171, 171)
(172, 172)
(172, 177)
(169, 174)
(171, 175)
(173, 177)
(175, 180)
(173, 178)
(175, 181)
(175, 181)
(174, 182)
(175, 185)
(175, 185)
(179, 188)

Contour 42:
(210, 187)

Contour 43:
(386, 193)
(382, 189)
(384, 190)
(384, 191)
(385, 190)
(383, 189)
(385, 185)
(383, 184)
(386, 182)
(386, 183)
(385, 184)
(383, 183)
(382, 179)
(382, 177)
(385, 178)
(382, 180)
(382, 182)
(385, 182)
(383, 184)
(385, 184)
(383, 182)
(386, 184)
(384, 184)
(383, 187)
(382, 187)
(383, 191)
(384, 190)
(385, 191)

Contour 44:
(214, 195)
(214, 190)
(213, 189)
(209, 191)
(209, 191)
(212, 193)

Contour 45:
(218, 205)
(216, 201)
(215, 202)
(215, 199)
(215, 197)
(215, 200)
(215, 199)
(213, 195)
(215, 195)
(214, 197)
(212, 198)
(212, 197)
(214, 201)
(214, 198)
(218, 200)
(215, 200)
(217, 201)

Contour 46:
(185, 206)
(184, 201)
(183, 204)
(183, 203)
(184, 199)
(183, 199)
(183, 198)
(184, 197)
(183, 196)
(180, 196)
(179, 197)
(182, 196)
(178, 193)
(180, 194)
(177, 192)
(179, 189)
(179, 188)
(176, 186)
(180, 188)
(176, 187)
(178, 192)
(177, 191)
(180, 194)
(179, 194)
(182, 196)
(180, 193)
(182, 194)
(180, 196)
(180, 196)
(184, 199)
(182, 202)
(182, 202)
(183, 200)
(187, 205)
(183, 202)

Contour 47:
(218, 207)

Contour 48:
(218, 207)
(218, 208)

Contour 49:
(186, 211)
(189, 211)
(185, 207)
(184, 206)
(186, 208)
(185, 207)
(184, 204)
(186, 205)
(186, 209)
(185, 209)
(185, 209)
(187, 209)

Contour 50:
(220, 213)
(220, 215)
(218, 210)
(218, 210)
(219, 208)
(221, 209)
(222, 211)
(222, 214)

Contour 51:
(191, 216)
(189, 211)
(188, 212)

Contour 52:
(222, 216)
(223, 216)

Contour 53:
(191, 216)
(189, 216)
(192, 214)

Contour 54:
(223, 218)
(222, 219)

Contour 55:
(194, 220)
(191, 223)
(191, 219)
(192, 217)
(189, 221)
(192, 220)

Contour 56:
(225, 221)
(223, 222)

Contour 57:
(381, 225)
(384, 222)
(381, 221)
(385, 221)
(383, 222)
(384, 222)
(384, 218)
(384, 218)
(384, 216)
(384, 215)
(384, 217)
(385, 214)
(383, 212)
(385, 211)
(381, 213)
(381, 209)
(384, 208)
(381, 212)
(383, 211)
(381, 210)
(385, 215)
(382, 213)
(383, 215)
(385, 218)
(382, 218)
(385, 219)
(385, 217)
(383, 219)
(384, 221)
(381, 223)
(385, 223)
(385, 225)

Contour 58:
(225, 229)
(224, 225)
(223, 224)
(223, 228)

Contour 59:
(195, 229)
(194, 226)
(192, 227)
(194, 225)
(192, 223)
(191, 222)
(195, 225)
(193, 227)
(194, 229)
(192, 226)

Contour 60:
(226, 231)
(223, 230)

Contour 61:
(224, 233)
(228, 235)
(224, 231)
(227, 234)

Contour 62:
(196, 235)
(194, 234)
(194, 234)
(196, 232)
(193, 232)
(196, 234)
(194, 233)
(193, 232)
(198, 236)

Contour 63:
(227, 241)
(225, 240)
(226, 238)
(227, 241)

Contour 64:
(226, 243)
(228, 242)

Contour 65:
(200, 244)
(196, 245)
(196, 244)
(198, 241)
(199, 240)
(198, 240)
(198, 240)
(197, 239)
(199, 240)
(195, 241)
(200, 243)
(196, 245)

Contour 66:
(227, 251)
(227, 250)
(228, 250)
(230, 251)

Contour 67:
(231, 256)
(230, 254)
(231, 255)
(230, 255)

Contour 68:
(202, 258)
(198, 255)
(201, 257)
(200, 257)
(199, 253)
(199, 251)
(201, 254)
(199, 251)
(201, 251)
(201, 249)
(200, 252)
(197, 253)
(200, 254)
(199, 255)
(200, 255)
(200, 254)
(199, 258)
(201, 259)

Contour 69:
(345, 264)
(345, 260)
(348, 261)
(346, 258)
(347, 259)
(348, 259)
(344, 261)
(345, 263)

Contour 70:
(233, 263)
(229, 263)
(232, 261)
(232, 259)
(230, 262)
(232, 259)

Contour 71:
(203, 267)
(199, 264)
(203, 265)
(203, 261)
(199, 260)
(199, 260)
(203, 264)
(199, 264)
(199, 265)
(201, 266)

Contour 72:
(100, 266)
(102, 268)
(100, 265)
(101, 267)
(102, 268)
(101, 265)
(100, 268)
(100, 268)

Contour 73:
(91, 266)
(92, 266)
(93, 268)
(91, 268)
(94, 267)
(96, 268)
(92, 269)
(91, 268)
(91, 266)
(89, 266)

Contour 74:
(104, 269)
(106, 265)
(107, 266)
(109, 269)

Contour 75:
(232, 267)
(232, 269)
(233, 268)
(233, 264)
(233, 265)
(230, 266)
(233, 265)
(233, 268)
(231, 269)
(234, 270)

Contour 76:
(110, 268)

Contour 77:
(80, 270)
(80, 268)
(83, 266)
(84, 266)
(83, 268)
(85, 268)
(86, 268)
(82, 266)
(82, 268)
(82, 269)

Contour 78:
(112, 270)
(111, 271)

Contour 79:
(233, 272)

Contour 80:
(115, 273)

Contour 81:
(74, 271)
(76, 271)
(76, 268)
(81, 269)
(77, 272)
(77, 272)

Contour 82:
(118, 273)

Contour 83:
(72, 272)

Contour 84:
(120, 273)
(125, 273)

Contour 85:
(72, 271)

Contour 86:
(126, 272)
(126, 272)

Contour 87:
(128, 273)
(130, 277)

Contour 88:
(132, 276)
(137, 277)
(134, 274)
(137, 275)

Contour 89:
(233, 281)
(234, 279)
(235, 278)
(233, 277)
(232, 273)
(232, 272)
(233, 271)
(234, 274)
(231, 274)
(235, 276)
(232, 278)
(234, 280)

Contour 90:
(152, 280)

Contour 91:
(151, 278)
(146, 278)
(148, 280)
(147, 277)
(146, 276)
(145, 278)
(145, 279)
(142, 278)
(143, 278)
(139, 279)
(139, 277)
(142, 277)
(140, 277)
(140, 279)
(145, 276)
(142, 278)
(146, 276)
(147, 277)
(147, 280)
(147, 277)
(151, 278)
(149, 281)

Contour 92:
(155, 278)
(157, 281)
(154, 279)
(155, 278)
(157, 281)
(153, 282)

Contour 93:
(161, 281)
(159, 280)
(163, 281)
(162, 279)

Contour 94:
(202, 280)
(203, 283)
(203, 280)
(200, 277)
(203, 276)
(202, 275)
(204, 274)
(200, 274)
(204, 272)
(200, 274)
(202, 271)
(201, 271)
(204, 268)
(201, 270)
(202, 269)
(201, 273)
(202, 271)
(203, 273)
(200, 276)
(201, 275)
(204, 278)
(202, 278)
(201, 280)
(203, 281)
(201, 281)
(202, 279)

Contour 95:
(167, 282)
(168, 283)
(168, 284)
(169, 281)

Contour 96:
(178, 285)
(175, 281)
(174, 282)
(177, 284)
(174, 283)
(172, 281)
(172, 285)
(174, 284)
(174, 282)
(174, 283)
(176, 283)
(177, 285)
(180, 285)
(180, 284)
(181, 285)
(182, 282)
(180, 284)
(180, 285)

Contour 97:
(187, 285)
(185, 285)
(187, 287)
(187, 284)
(191, 283)
(191, 287)
(188, 286)
(190, 287)
(188, 285)
(184, 287)

Contour 98:
(200, 285)
(201, 287)
(200, 287)
(198, 287)
(197, 284)
(196, 284)
(194, 287)
(194, 287)
(192, 288)
(192, 288)
(195, 288)
(196, 285)
(194, 288)
(197, 287)
(196, 287)
(197, 287)
(200, 288)
(201, 286)
(200, 286)
(199, 286)
(200, 286)
(201, 288)
(200, 287)
(199, 288)

Contour 99:
(236, 287)
(237, 288)
(237, 289)
(235, 288)
(236, 285)
(237, 286)
(237, 283)
(235, 283)
(235, 280)
(232, 284)
(236, 285)
(235, 283)
(234, 283)
(233, 285)
(237, 287)
(233, 290)

Contour 100:
(238, 291)
(235, 292)
(235, 290)
(236, 292)
(239, 294)
(240, 293)
(239, 295)

Contour 101:
(48, 292)
(49, 291)
(51, 293)
(48, 292)
(50, 287)
(54, 288)
(52, 286)
(56, 287)
(52, 287)
(54, 284)
(56, 282)
(57, 282)
(57, 281)
(56, 283)
(59, 281)
(62, 279)
(59, 280)
(62, 278)
(63, 281)
(60, 277)
(63, 276)
(63, 278)
(65, 279)
(65, 275)
(67, 276)
(70, 273)
(67, 273)
(69, 275)
(70, 276)
(66, 276)
(65, 276)
(65, 278)
(67, 277)
(63, 276)
(63, 280)
(64, 277)
(62, 282)
(58, 283)
(59, 280)
(58, 282)
(59, 282)
(56, 285)
(54, 283)
(55, 284)
(53, 288)
(50, 289)
(51, 290)
(50, 289)
(52, 290)
(51, 290)

Contour 102:
(243, 292)
(244, 295)

Contour 103:
(249, 294)
(251, 297)
(249, 295)
(250, 294)

Contour 104:
(255, 298)
(254, 297)

Contour 105:
(261, 297)
(259, 299)
(263, 298)
(261, 299)
(264, 295)
(263, 298)

Contour 106:
(269, 297)
(269, 298)
(272, 297)
(270, 298)

Contour 107:
(277, 297)
(279, 298)
(280, 301)
(280, 297)

Contour 108:
(290, 300)
(291, 301)
(290, 299)
(291, 302)
(289, 300)
(288, 298)

Contour 109:
(307, 301)
(308, 302)

Contour 110:
(299, 300)
(302, 299)
(302, 299)
(301, 299)
(302, 302)
(301, 299)
(302, 300)
(298, 303)

Contour 111:
(309, 303)
(310, 303)
(312, 300)
(314, 302)
(314, 304)
(312, 304)
(313, 301)
(313, 303)
(311, 301)
(310, 302)
(310, 302)
(308, 303)

Contour 112:
(324, 305)
(324, 302)
(324, 301)
(326, 303)
(328, 301)
(327, 305)
(327, 304)
(323, 301)

Contour 113:
(336, 302)
(334, 304)
(335, 301)
(336, 305)
(331, 303)
(333, 304)
(331, 305)
(332, 305)
(329, 301)
(328, 305)
(331, 305)
(331, 304)
(332, 301)
(335, 304)
(335, 305)
(336, 303)
(335, 303)
(336, 303)
(339, 302)
(339, 306)
(342, 302)
(343, 302)
(345, 304)
(344, 304)
(346, 305)
(345, 303)
(345, 304)
(345, 301)
(346, 300)
(347, 298)
(349, 299)
(349, 295)
(349, 297)
(348, 294)
(349, 293)
(347, 294)
(349, 292)
(345, 289)
(345, 292)
(345, 287)
(346, 286)
(348, 288)
(345, 288)
(349, 285)
(347, 283)
(349, 283)
(348, 284)
(348, 280)
(346, 282)
(345, 281)
(349, 280)
(348, 279)
(349, 276)
(347, 276)
(347, 276)
(349, 273)
(345, 272)
(347, 271)
(346, 272)
(347, 269)
(347, 267)
(345, 267)
(346, 266)
(345, 264)
(345, 263)
(344, 265)
(344, 267)
(348, 267)
(347, 270)
(347, 269)
(349, 272)
(348, 269)
(349, 270)
(349, 274)
(348, 272)
(346, 273)
(345, 276)
(347, 278)
(349, 278)
(347, 280)
(348, 280)
(345, 282)
(345, 281)
(347, 284)
(348, 286)
(345, 286)
(348, 285)
(348, 286)
(349, 289)
(348, 287)
(349, 291)
(349, 293)
(345, 293)
(349, 294)
(346, 293)
(347, 295)
(347, 296)
(345, 297)
(348, 300)
(349, 300)
(346, 301)
(346, 302)
(349, 302)
(346, 305)
(348, 303)
(347, 304)
(347, 305)
(342, 305)
(343, 303)
(341, 304)
(341, 306)
(339, 303)
(338, 302)
(339, 303)

Contour 114:
(534, 307)
(535, 305)
(538, 304)
(538, 306)

Contour 115:
(94, 307)
(93, 306)
(91, 303)
(91, 304)
(89, 304)
(91, 307)
(90, 303)
(87, 306)
(87, 304)
(86, 304)
(83, 304)
(85, 307)
(85, 306)
(84, 305)
(79, 305)
(81, 303)
(81, 304)
(80, 304)
(78, 304)
(76, 304)
(73, 306)
(76, 303)
(75, 303)
(72, 303)
(70, 307)
(69, 305)
(67, 303)
(70, 306)
(69, 303)
(64, 303)
(64, 306)
(62, 306)
(64, 306)
(64, 306)
(59, 304)
(60, 305)
(57, 307)
(57, 307)
(59, 306)
(58, 307)
(56, 306)
(52, 303)
(52, 302)
(52, 304)
(50, 304)
(49, 305)
(51, 303)
(48, 300)
(47, 300)
(47, 299)
(48, 297)
(51, 298)
(49, 295)
(51, 296)
(48, 296)
(51, 295)
(51, 296)
(50, 300)
(50, 300)
(52, 302)
(50, 301)
(52, 304)
(55, 301)
(52, 305)
(55, 304)
(56, 303)
(55, 306)
(59, 304)
(57, 302)
(60, 303)
(61, 303)
(60, 306)
(65, 302)
(66, 306)
(63, 303)
(64, 303)
(66, 304)
(66, 306)
(69, 303)
(68, 303)
(72, 305)
(70, 303)
(74, 306)
(73, 303)
(77, 304)
(76, 304)
(75, 304)
(77, 304)
(81, 307)
(78, 307)
(80, 306)
(83, 305)
(81, 306)
(82, 307)
(86, 305)
(84, 307)
(85, 305)
(87, 304)
(87, 306)
(89, 304)
(93, 305)
(92, 303)
(91, 307)
(94, 304)
(96, 304)
(98, 303)
(99, 305)
(96, 305)

Contour 116:
(528, 307)
(529, 309)
(527, 308)
(528, 308)
(531, 309)
(529, 309)
(528, 307)
(527, 306)
(528, 305)
(526, 305)

Contour 117:
(511, 309)
(515, 306)
(514, 309)
(513, 307)
(517, 308)
(515, 306)
(519, 307)
(518, 309)
(514, 306)
(513, 309)
(512, 306)
(513, 310)

Contour 118:
(502, 308)
(502, 307)
(506, 306)
(507, 307)
(508, 306)
(507, 310)
(511, 307)
(510, 309)
(511, 310)
(509, 310)
(505, 310)
(507, 309)
(507, 309)
(506, 309)

Contour 119:
(381, 310)
(384, 310)
(385, 306)
(387, 306)
(389, 308)
(385, 307)
(383, 306)
(386, 308)

Contour 120:
(487, 311)
(485, 309)
(488, 310)
(490, 307)
(490, 310)
(489, 308)
(492, 309)
(491, 311)
(492, 310)
(492, 307)
(496, 311)
(497, 311)
(499, 310)
(498, 311)
(498, 307)
(498, 309)
(498, 311)
(497, 310)
(496, 307)
(497, 310)
(496, 309)
(496, 311)
(492, 309)
(491, 307)
(492, 307)
(492, 310)
(489, 310)
(486, 310)
(488, 311)
(485, 307)

Contour 121:
(401, 307)
(400, 307)

Contour 122:
(392, 307)
(393, 311)
(395, 307)
(393, 307)
(396, 311)
(396, 307)
(398, 309)
(399, 307)
(397, 311)
(397, 308)
(395, 307)
(392, 308)

Contour 123:
(459, 310)
(462, 308)
(461, 310)
(466, 310)
(463, 310)
(466, 312)
(466, 312)
(469, 311)
(471, 310)
(470, 312)
(471, 310)
(471, 309)
(474, 312)
(476, 308)
(476, 312)
(476, 308)
(475, 309)
(477, 310)
(479, 309)
(478, 308)
(477, 311)
(477, 311)
(473, 311)
(472, 310)
(475, 310)
(470, 308)
(471, 309)
(470, 312)
(469, 308)
(467, 310)
(465, 309)
(468, 310)
(465, 311)
(465, 310)
(464, 310)
(460, 309)

Contour 124:
(408, 309)
(408, 309)
(410, 308)
(407, 308)
(410, 311)
(410, 310)
(411, 309)
(412, 312)
(415, 310)
(416, 311)
(417, 310)
(417, 311)
(416, 312)
(418, 308)
(420, 310)
(422, 310)
(424, 311)
(423, 308)
(426, 308)
(425, 310)
(427, 310)
(425, 312)
(430, 309)
(427, 308)
(428, 312)
(428, 308)
(430, 309)
(426, 312)
(425, 310)
(426, 311)
(423, 310)
(423, 309)
(420, 312)
(422, 308)
(418, 312)
(419, 311)
(419, 308)
(418, 310)
(417, 312)
(416, 309)
(412, 311)
(414, 312)
(413, 310)
(410, 311)
(412, 309)
(410, 308)
(406, 308)
(405, 311)

Contour 125:
(164, 312)
(163, 311)
(162, 310)
(163, 314)
(163, 314)
(159, 312)
(159, 312)
(159, 309)
(158, 309)
(157, 312)
(153, 313)
(155, 311)
(151, 311)
(151, 310)
(149, 312)
(148, 311)
(147, 311)
(148, 312)
(147, 308)
(147, 312)
(144, 308)
(146, 309)
(144, 309)
(141, 307)
(139, 311)
(141, 310)
(138, 311)
(140, 308)
(137, 311)
(138, 311)
(133, 309)
(135, 311)
(132, 307)
(131, 308)
(131, 308)
(128, 310)
(128, 310)
(126, 308)
(127, 310)
(126, 309)
(127, 306)
(125, 306)
(125, 307)
(120, 307)
(119, 305)
(121, 307)
(118, 309)
(116, 305)
(118, 306)
(116, 308)
(113, 306)
(113, 308)
(115, 305)
(114, 306)
(113, 305)
(109, 308)
(108, 307)
(110, 307)
(105, 306)
(105, 304)
(106, 307)
(103, 304)
(102, 306)
(103, 305)
(101, 305)
(101, 305)
(100, 307)
(101, 306)
(105, 305)
(106, 306)
(105, 305)
(107, 304)
(107, 304)
(107, 304)
(110, 307)
(109, 305)
(113, 306)
(112, 308)
(112, 306)
(114, 306)
(114, 308)
(116, 309)
(119, 306)
(118, 307)
(118, 309)
(122, 309)
(121, 307)
(123, 309)
(121, 306)
(123, 307)
(126, 307)
(126, 305)
(127, 308)
(128, 309)
(131, 307)
(129, 309)
(129, 306)
(131, 308)
(135, 306)
(135, 307)
(136, 306)
(136, 307)
(139, 306)
(137, 306)
(138, 307)
(142, 309)
(141, 309)
(144, 310)
(144, 308)
(143, 307)
(143, 309)
(144, 308)
(145, 312)
(147, 312)
(149, 311)
(151, 311)
(149, 310)
(153, 308)
(153, 310)
(153, 309)
(157, 313)
(156, 312)
(159, 309)
(156, 309)
(157, 312)
(160, 309)
(162, 311)
(161, 310)
(164, 314)
(164, 312)
(166, 312)
(165, 314)
(166, 312)
(166, 315)
(169, 311)
(172, 315)
(171, 311)
(173, 315)
(169, 314)
(170, 314)
(170, 311)
(169, 315)
(165, 313)
(164, 311)

Contour 126:
(553, 314)
(553, 316)
(551, 313)
(548, 314)
(548, 312)
(549, 312)
(547, 311)
(548, 306)
(546, 308)
(545, 306)
(545, 308)
(541, 305)
(544, 307)
(544, 305)
(544, 308)
(545, 306)
(546, 306)
(548, 307)
(549, 309)
(548, 312)
(551, 312)
(548, 310)
(550, 312)
(549, 316)

Contour 127:
(553, 320)
(552, 319)

Contour 128:
(202, 318)
(201, 317)
(199, 318)
(198, 317)
(200, 315)
(198, 315)
(197, 317)
(196, 318)
(197, 315)
(192, 318)
(192, 315)
(192, 316)
(189, 316)
(192, 315)
(189, 316)
(188, 317)
(187, 317)
(185, 313)
(186, 313)
(185, 316)
(183, 314)
(183, 316)
(183, 313)
(182, 317)
(177, 316)
(176, 316)
(177, 313)
(176, 314)
(177, 314)
(175, 312)
(173, 316)
(177, 313)
(177, 312)
(176, 314)
(177, 313)
(181, 315)
(181, 316)
(181, 314)
(183, 313)
(185, 316)
(183, 316)
(188, 314)
(187, 317)
(186, 315)
(190, 315)
(189, 314)
(190, 317)
(194, 317)
(191, 317)
(195, 317)
(196, 316)
(196, 315)
(198, 315)
(197, 317)
(200, 318)
(200, 315)
(200, 316)
(203, 317)
(204, 318)
(204, 316)
(204, 315)
(205, 318)

Contour 129:
(547, 322)
(552, 320)
(552, 319)
(550, 320)

Contour 130:
(202, 327)

Contour 131:
(303, 331)
(300, 329)
(302, 330)
(300, 330)
(300, 330)
(297, 328)
(295, 327)
(294, 327)
(295, 326)
(292, 329)
(293, 329)
(291, 326)
(292, 326)
(292, 328)
(291, 327)
(289, 325)
(287, 325)
(284, 325)
(287, 329)
(283, 326)
(283, 325)
(282, 324)
(281, 325)
(282, 326)
(280, 328)
(276, 324)
(276, 326)
(274, 323)
(273, 327)
(273, 325)
(273, 325)
(272, 325)
(272, 325)
(268, 323)
(270, 323)
(269, 326)
(269, 323)
(265, 325)
(265, 325)
(264, 323)
(264, 326)
(263, 326)
(263, 326)
(260, 325)
(261, 325)
(259, 324)
(259, 325)
(257, 321)
(256, 323)
(254, 325)
(251, 321)
(254, 320)
(250, 323)
(252, 320)
(249, 322)
(250, 320)
(246, 320)
(248, 324)
(246, 320)
(242, 322)
(244, 322)
(243, 319)
(242, 320)
(240, 323)
(237, 321)
(236, 320)
(239, 321)
(239, 322)
(238, 323)
(241, 323)
(244, 323)
(244, 322)
(244, 319)
(247, 320)
(247, 320)
(247, 323)
(248, 323)
(250, 322)
(252, 323)
(249, 321)
(251, 320)
(254, 325)
(256, 321)
(253, 325)
(255, 322)
(258, 325)
(260, 321)
(257, 323)
(258, 323)
(260, 325)
(260, 323)
(261, 325)
(263, 325)
(267, 324)
(268, 325)
(267, 323)
(267, 325)
(270, 325)
(272, 324)
(270, 324)
(274, 326)
(272, 326)
(272, 326)
(274, 323)
(277, 327)
(279, 326)
(278, 326)
(279, 327)
(281, 326)
(283, 327)
(284, 325)
(281, 324)
(283, 327)
(287, 327)
(286, 328)
(287, 325)
(288, 325)
(291, 326)
(292, 328)
(292, 329)
(294, 327)
(292, 327)
(293, 327)
(295, 329)
(298, 326)
(298, 330)
(299, 326)
(297, 328)
(301, 327)
(300, 326)
(302, 329)
(304, 329)
(306, 326)
(306, 330)
(308, 327)
(308, 327)
(307, 329)
(307, 330)
(308, 331)
(311, 327)
(312, 327)
(313, 327)
(315, 329)
(315, 327)
(312, 327)
(313, 329)
(310, 331)
(310, 329)
(309, 328)
(310, 327)
(307, 329)
(305, 329)
(307, 330)
(306, 328)
(304, 329)

Contour 132:
(542, 330)
(541, 329)
(542, 330)
(545, 326)
(548, 326)
(546, 327)
(550, 322)
(548, 325)
(545, 326)
(544, 325)
(544, 327)
(542, 326)
(542, 327)

Contour 133:
(240, 332)
(238, 332)
(241, 330)
(239, 330)
(241, 330)
(238, 326)
(241, 329)
(239, 328)
(238, 328)
(238, 333)

Contour 134:
(533, 339)
(530, 337)
(531, 336)
(531, 335)
(535, 335)
(536, 336)
(537, 335)
(539, 332)
(539, 335)
(541, 331)
(538, 330)
(540, 333)
(539, 332)
(538, 334)
(535, 334)
(536, 334)
(535, 337)
(533, 335)
(535, 336)
(532, 335)
(530, 335)
(530, 336)

Contour 135:
(523, 345)
(522, 345)
(522, 342)
(527, 344)
(526, 340)
(528, 339)
(529, 339)
(528, 338)
(527, 341)
(530, 341)
(525, 339)
(527, 342)
(527, 340)
(524, 341)
(524, 344)

Contour 136:
(422, 342)
(425, 344)
(420, 344)
(421, 343)
(418, 341)
(417, 341)
(416, 341)
(415, 340)
(415, 340)
(415, 344)
(414, 343)
(415, 341)
(414, 339)
(411, 340)
(409, 342)
(409, 340)
(406, 339)
(405, 340)
(404, 338)
(405, 338)
(405, 338)
(403, 339)
(404, 340)
(402, 341)
(402, 339)
(397, 339)
(396, 339)
(399, 339)
(394, 340)
(394, 338)
(396, 339)
(392, 339)
(394, 340)
(391, 338)
(389, 336)
(387, 336)
(387, 337)
(388, 340)
(388, 339)
(385, 337)
(383, 338)
(383, 340)
(385, 336)
(386, 335)
(383, 335)
(388, 339)
(388, 337)
(389, 339)
(387, 337)
(391, 340)
(392, 339)
(390, 339)
(392, 340)
(395, 337)
(397, 341)
(398, 337)
(398, 337)
(400, 341)
(397, 340)
(398, 340)
(402, 341)
(400, 341)
(405, 342)
(404, 339)
(407, 341)
(407, 342)
(408, 341)
(410, 341)
(408, 342)
(412, 339)
(413, 342)
(412, 341)
(413, 340)
(415, 343)
(414, 344)
(414, 343)
(416, 341)
(418, 342)
(417, 344)
(422, 342)
(419, 345)
(420, 343)
(424, 342)
(426, 341)
(426, 341)
(427, 346)
(426, 345)
(429, 345)
(427, 345)
(429, 346)
(428, 343)
(427, 345)
(428, 344)
(426, 342)
(423, 345)

Contour 137:
(433, 347)
(431, 343)
(433, 346)
(434, 346)
(437, 345)
(437, 347)
(436, 346)
(434, 346)

Contour 138:
(238, 345)
(240, 346)
(242, 346)
(238, 343)
(241, 341)
(241, 342)
(242, 343)
(240, 340)
(240, 340)
(238, 340)
(239, 343)
(242, 344)
(240, 346)
(241, 347)

Contour 139:
(457, 350)
(456, 351)
(453, 350)
(452, 350)
(450, 350)
(450, 349)
(448, 346)
(447, 347)
(446, 349)
(448, 348)
(444, 345)
(446, 349)
(443, 347)
(441, 346)
(441, 347)
(438, 347)
(439, 348)
(436, 344)
(440, 344)
(439, 346)
(443, 348)
(444, 347)
(443, 349)
(444, 348)
(443, 349)
(446, 347)
(448, 349)
(446, 349)
(449, 347)
(452, 350)
(451, 350)
(454, 350)
(454, 350)
(452, 350)
(455, 350)
(458, 349)
(458, 348)
(456, 348)

Contour 140:
(460, 353)
(457, 348)
(459, 351)
(461, 352)
(459, 350)
(460, 351)
(457, 353)

Contour 141:
(505, 353)
(502, 354)
(504, 354)
(508, 355)
(506, 353)
(509, 350)
(509, 350)
(511, 353)
(510, 350)
(510, 351)
(513, 350)
(516, 351)
(516, 347)
(515, 348)
(518, 347)
(518, 346)
(517, 346)
(520, 345)
(520, 346)
(519, 348)
(518, 345)
(516, 348)
(517, 346)
(516, 351)
(513, 348)
(511, 351)
(510, 351)
(511, 353)
(510, 352)
(508, 352)
(507, 352)
(508, 355)
(507, 353)
(503, 354)

Contour 142:
(493, 358)
(496, 357)
(497, 356)
(498, 355)
(501, 355)
(498, 357)
(499, 357)
(502, 358)
(500, 355)
(497, 356)
(496, 357)
(498, 354)

Contour 143:
(482, 357)
(482, 357)
(483, 354)
(481, 357)
(478, 354)
(479, 356)
(480, 352)
(476, 355)
(478, 352)
(473, 354)
(474, 351)
(472, 354)
(472, 353)
(472, 351)
(469, 351)
(470, 352)
(467, 353)
(467, 352)
(468, 353)
(465, 353)
(462, 351)
(462, 350)
(463, 350)
(463, 353)
(464, 352)
(469, 351)
(468, 351)
(471, 354)
(468, 351)
(470, 350)
(471, 355)
(471, 355)
(473, 355)
(475, 355)
(477, 352)
(476, 354)
(480, 353)
(477, 356)
(480, 357)
(482, 353)
(480, 353)
(481, 355)
(482, 356)
(487, 355)
(487, 358)
(488, 356)
(487, 355)
(491, 355)
(490, 357)
(491, 359)
(490, 356)
(490, 355)
(488, 355)
(489, 359)
(489, 356)
(488, 357)
(488, 358)
(485, 356)

Contour 144:
(242, 367)
(242, 366)
(241, 365)
(241, 364)
(243, 359)
(239, 362)
(241, 358)
(243, 360)
(241, 357)
(243, 356)
(241, 354)
(243, 358)
(241, 359)
(241, 356)
(243, 357)
(242, 361)
(243, 360)
(242, 363)
(242, 365)
(243, 364)

Contour 145:
(206, 368)
(203, 363)
(205, 362)
(205, 362)
(205, 361)
(204, 359)
(204, 360)
(205, 358)
(206, 359)
(205, 356)
(204, 360)
(204, 360)
(203, 358)
(206, 361)
(202, 360)
(204, 364)
(203, 365)
(202, 365)

Contour 146:
(201, 366)

Contour 147:
(242, 377)
(243, 374)
(241, 375)
(243, 372)
(242, 374)
(242, 374)

Contour 148:
(203, 379)
(202, 375)
(201, 377)
(203, 373)
(201, 373)
(204, 373)
(203, 370)
(205, 373)
(205, 372)
(205, 375)
(203, 374)
(202, 376)

Contour 149:
(382, 379)
(382, 375)
(382, 375)
(381, 375)
(384, 372)
(383, 372)
(384, 370)
(381, 372)
(382, 372)
(383, 370)
(384, 371)
(381, 371)
(382, 373)
(384, 375)
(384, 374)
(384, 373)
(382, 375)
(384, 377)

Contour 150:
(241, 382)
(242, 383)
(242, 382)
(242, 381)
(243, 380)
(242, 384)

Contour 151:
(348, 383)
(348, 383)
(349, 381)
(348, 379)
(348, 381)
(348, 379)
(347, 379)
(347, 379)
(345, 378)
(346, 374)
(349, 376)
(345, 373)
(345, 370)
(347, 371)
(347, 372)
(348, 371)
(346, 370)
(348, 369)
(346, 366)
(346, 363)
(349, 362)
(346, 365)
(346, 364)
(346, 362)
(347, 358)
(345, 360)
(349, 360)
(348, 357)
(347, 354)
(347, 354)
(346, 352)
(349, 354)
(346, 354)
(345, 352)
(348, 349)
(345, 348)
(348, 350)
(345, 346)
(347, 344)
(349, 343)
(346, 343)
(347, 344)
(347, 341)
(348, 343)
(349, 342)
(345, 338)
(349, 340)
(346, 338)
(345, 334)
(345, 334)
(348, 333)
(344, 333)
(344, 332)
(346, 332)
(344, 332)
(342, 331)
(341, 330)
(341, 333)
(339, 332)
(339, 332)
(336, 332)
(335, 334)
(337, 330)
(333, 333)
(335, 330)
(333, 331)
(333, 330)
(330, 329)
(329, 333)
(328, 329)
(328, 332)
(326, 330)
(323, 332)
(323, 328)
(324, 331)
(324, 329)
(320, 332)
(319, 332)
(318, 329)
(321, 332)
(321, 329)
(322, 332)
(322, 328)
(323, 328)
(324, 328)
(325, 329)
(326, 329)
(326, 330)
(330, 330)
(331, 331)
(329, 330)
(331, 333)
(334, 331)
(332, 329)
(333, 331)
(335, 330)
(335, 334)
(340, 333)
(340, 331)
(340, 331)
(341, 331)
(343, 332)
(345, 331)
(343, 333)
(344, 331)
(347, 332)
(345, 332)
(345, 333)
(348, 336)
(347, 335)
(348, 338)
(347, 338)
(346, 336)
(346, 339)
(345, 342)
(347, 339)
(345, 343)
(346, 341)
(346, 346)
(349, 344)
(349, 344)
(349, 348)
(347, 346)
(349, 349)
(348, 350)
(346, 350)
(347, 351)
(347, 351)
(345, 354)
(348, 356)
(347, 358)
(348, 355)
(345, 359)
(346, 358)
(349, 358)
(347, 361)
(345, 363)
(347, 361)
(346, 364)
(345, 367)
(345, 365)
(347, 367)
(349, 367)
(346, 368)
(345, 372)
(347, 371)
(345, 370)
(349, 374)
(347, 375)
(348, 377)
(346, 375)
(347, 376)
(348, 379)
(347, 379)
(347, 379)
(347, 379)
(348, 384)
(346, 384)

Contour 152:
(204, 385)
(201, 384)
(202, 380)
(204, 380)
(203, 382)
(202, 385)

Contour 153:
(243, 388)
(242, 387)
(244, 386)
(243, 384)
(244, 388)
(242, 386)

Contour 154:
(202, 388)
(203, 390)
(203, 390)
(201, 387)

Contour 155:
(247, 391)
(245, 393)
(247, 393)
(245, 394)

Contour 156:
(202, 393)
(202, 394)
(200, 394)
(200, 392)

Contour 157:
(382, 396)
(385, 396)
(382, 394)
(383, 395)
(383, 391)
(386, 391)
(383, 392)
(382, 390)
(384, 391)
(382, 392)
(384, 394)
(385, 396)
(382, 394)
(383, 398)

Contour 158:
(347, 396)
(347, 399)
(344, 398)
(346, 394)
(348, 394)
(344, 391)
(343, 393)
(345, 393)
(346, 391)
(347, 393)
(345, 396)
(346, 396)
(347, 395)
(344, 395)

Contour 159:
(196, 401)
(199, 398)
(198, 401)
(200, 398)
(200, 399)
(200, 396)
(200, 398)
(198, 397)
(199, 397)
(200, 400)
(199, 403)

Contour 160:
(387, 408)
(386, 409)
(386, 408)
(383, 407)
(384, 404)
(385, 402)
(383, 404)
(385, 406)
(385, 407)
(385, 407)

Contour 161:
(345, 408)
(344, 407)
(345, 408)
(344, 408)
(343, 404)
(344, 408)
(346, 408)
(347, 407)

Contour 162:
(238, 410)
(240, 408)
(243, 408)
(244, 409)
(243, 406)
(245, 406)
(247, 404)
(244, 401)
(248, 401)
(244, 400)
(247, 400)
(247, 399)
(248, 396)
(247, 397)
(247, 395)
(244, 396)
(245, 394)
(248, 395)
(246, 398)
(246, 398)
(244, 402)
(246, 402)
(248, 402)
(244, 402)
(247, 405)
(244, 405)
(246, 407)
(243, 405)
(245, 405)
(242, 405)
(241, 406)
(241, 411)

Contour 163:
(239, 413)

Contour 164:
(191, 412)
(194, 408)
(194, 409)
(195, 410)
(194, 409)
(197, 407)
(194, 404)
(197, 404)
(194, 406)
(198, 404)
(195, 406)
(198, 404)
(198, 404)
(196, 405)
(196, 407)
(197, 407)
(192, 411)

Contour 165:
(192, 414)

Contour 166:
(230, 414)
(228, 413)
(229, 415)
(232, 413)
(233, 414)
(236, 412)
(233, 415)
(235, 413)
(236, 413)
(235, 412)
(234, 415)
(232, 412)
(231, 415)
(233, 416)
(231, 414)

Contour 167:
(343, 418)
(343, 415)
(342, 415)
(345, 416)
(344, 414)
(344, 411)
(342, 413)
(344, 410)
(342, 414)
(343, 415)
(345, 414)
(343, 414)
(344, 418)
(343, 417)

Contour 168:
(386, 419)
(386, 417)
(385, 418)
(388, 417)
(386, 417)
(384, 416)
(384, 413)
(385, 416)
(384, 417)
(386, 418)
(386, 416)
(384, 418)

Contour 169:
(220, 418)
(220, 418)
(223, 420)
(225, 418)
(224, 416)
(226, 417)
(226, 416)
(230, 414)
(227, 417)
(225, 419)
(227, 418)
(224, 417)
(221, 417)
(222, 419)

Contour 170:
(212, 425)
(213, 423)
(212, 425)
(214, 420)
(215, 422)
(214, 420)
(217, 419)
(216, 419)
(219, 420)
(221, 420)
(220, 421)
(215, 420)
(216, 423)
(213, 420)
(215, 421)
(212, 424)
(211, 423)
(210, 424)

Contour 171:
(206, 423)
(209, 424)

Contour 172:
(204, 427)
(201, 425)
(206, 424)
(205, 423)
(202, 424)
(201, 425)

Contour 173:
(344, 424)
(342, 424)
(343, 424)
(344, 425)
(341, 423)
(343, 421)
(344, 420)
(342, 421)
(345, 424)
(342, 426)

Contour 174:
(197, 429)
(195, 425)
(192, 427)
(194, 425)
(192, 425)
(189, 424)
(192, 423)
(191, 423)
(189, 422)
(192, 422)
(189, 421)
(192, 419)
(190, 419)
(189, 416)
(189, 417)
(191, 417)
(189, 417)
(192, 420)
(192, 419)
(192, 422)
(190, 422)
(189, 422)
(191, 421)
(194, 426)
(193, 424)
(196, 426)
(194, 427)
(197, 423)
(196, 427)
(200, 427)
(199, 425)

Contour 175:
(388, 426)
(385, 428)
(389, 428)
(385, 426)
(388, 422)
(385, 427)
(385, 427)
(389, 425)

Contour 176:
(344, 434)
(344, 429)
(342, 431)
(341, 431)
(342, 431)
(343, 432)

Contour 177:
(389, 436)
(388, 436)
(389, 433)
(388, 436)

Contour 178:
(343, 439)
(340, 436)
(342, 435)
(339, 436)

Contour 179:
(340, 441)
(342, 439)

Contour 180:
(389, 441)
(390, 440)
(389, 441)
(390, 440)
(391, 437)
(390, 438)
(388, 441)
(390, 440)

Contour 181:
(389, 450)

Contour 182:
(389, 454)
(391, 451)

Contour 183:
(214, 453)
(217, 451)
(214, 451)
(218, 455)
(219, 451)
(217, 451)
(219, 455)
(219, 454)
(224, 455)
(225, 453)
(225, 453)
(225, 454)
(227, 455)
(228, 452)
(230, 455)
(229, 451)
(228, 451)
(229, 453)
(229, 453)
(229, 453)
(227, 454)
(225, 454)
(225, 454)
(224, 452)
(224, 454)
(220, 452)
(218, 451)
(218, 454)
(220, 452)
(216, 452)
(215, 454)
(213, 454)

Contour 184:
(210, 454)
(208, 453)
(208, 454)
(207, 456)

Contour 185:
(386, 456)
(387, 457)

Contour 186:
(245, 455)
(241, 455)
(242, 452)
(242, 452)
(239, 456)
(237, 456)
(235, 456)
(240, 453)
(240, 456)
(242, 456)
(240, 456)
(243, 453)
(245, 454)
(242, 455)
(246, 454)
(246, 453)

Contour 187:
(200, 456)
(203, 456)
(203, 456)
(206, 452)
(202, 454)
(201, 453)

Contour 188:
(250, 456)
(249, 454)
(252, 455)
(250, 457)

Contour 189:
(199, 455)
(200, 456)

Contour 190:
(254, 456)
(255, 458)
(254, 456)
(258, 459)
(255, 459)
(256, 459)

Contour 191:
(196, 455)

Contour 192:
(385, 460)
(388, 459)
(388, 456)

Contour 193:
(260, 457)
(259, 459)
(262, 458)
(259, 458)

Contour 194:
(263, 457)
(265, 461)
(265, 457)
(265, 461)

Contour 195:
(331, 462)
(331, 459)
(332, 458)
(334, 458)
(332, 455)
(336, 457)
(335, 455)
(333, 453)
(337, 455)
(338, 450)
(337, 451)
(336, 449)
(336, 450)
(339, 450)
(338, 448)
(336, 447)
(337, 446)
(340, 444)
(340, 446)
(341, 447)
(338, 446)
(336, 448)
(337, 446)
(339, 451)
(338, 452)
(338, 453)
(335, 450)
(337, 453)
(333, 453)
(334, 453)
(333, 458)
(331, 457)
(331, 457)
(332, 461)

Contour 196:
(270, 459)
(273, 459)
(274, 461)
(272, 460)

Contour 197:
(274, 462)
(278, 459)
(277, 459)
(275, 461)

Contour 198:
(188, 463)
(186, 459)
(190, 461)
(190, 457)
(191, 460)
(192, 460)
(190, 459)
(194, 456)
(194, 459)
(193, 458)
(192, 460)
(190, 458)
(192, 461)
(191, 461)
(188, 459)

Contour 199:
(282, 464)
(282, 464)

Contour 200:
(186, 464)
(187, 460)

Contour 201:
(288, 461)
(290, 463)
(288, 464)
(288, 461)
(291, 463)
(291, 462)
(290, 464)
(290, 464)

Contour 202:
(292, 462)
(293, 463)

Contour 203:
(297, 464)
(298, 466)
(302, 464)
(302, 463)

Contour 204:
(303, 468)
(307, 465)

Contour 205:
(373, 468)
(377, 465)
(375, 468)
(376, 464)
(380, 464)
(380, 465)
(381, 465)
(379, 463)
(382, 463)
(382, 463)
(382, 461)
(384, 458)
(386, 459)
(383, 459)
(382, 462)
(384, 459)
(381, 460)
(380, 464)
(382, 465)
(381, 463)
(378, 466)
(376, 467)
(376, 467)
(375, 468)
(376, 467)

Contour 206:
(308, 466)
(310, 468)
(310, 465)
(315, 466)
(314, 469)
(313, 466)
(312, 468)
(311, 467)

Contour 207:
(370, 469)

Contour 208:
(315, 467)
(320, 469)
(318, 466)
(320, 468)
(321, 468)
(316, 469)

Contour 209:
(323, 467)
(323, 470)
(326, 470)
(327, 468)
(328, 469)
(325, 470)
(329, 470)
(329, 467)
(330, 468)
(326, 464)
(328, 464)
(331, 463)
(330, 462)
(327, 461)
(331, 463)
(328, 461)
(330, 466)
(326, 465)
(326, 467)
(330, 466)
(326, 467)
(327, 467)
(328, 470)
(326, 468)
(325, 469)
(324, 468)

Contour 210:
(176, 470)
(174, 470)
(176, 467)
(178, 465)
(180, 469)
(179, 465)
(178, 466)
(182, 466)
(182, 464)
(180, 465)
(181, 464)
(180, 462)
(180, 465)
(180, 466)
(178, 465)
(179, 468)
(178, 466)
(174, 467)

Contour 211:
(360, 476)
(361, 476)
(359, 474)
(361, 471)
(365, 472)
(365, 474)
(363, 474)
(368, 469)
(367, 470)
(367, 470)
(369, 468)
(372, 471)
(367, 470)
(369, 470)
(368, 469)
(366, 469)
(368, 471)
(365, 472)
(367, 471)
(364, 475)
(362, 473)
(361, 475)
(364, 474)
(362, 476)

Contour 212:
(365, 478)
(366, 478)

Contour 213:
(367, 478)
(371, 479)
(373, 477)
(372, 479)

Contour 214:
(375, 479)
(375, 480)

Contour 215:
(182, 480)
(178, 476)
(180, 478)
(176, 475)
(178, 477)
(178, 473)
(174, 474)
(173, 472)
(176, 473)
(177, 476)
(180, 478)
(181, 478)
(179, 478)
(181, 478)
(184, 476)
(183, 476)
(183, 478)
(184, 476)
(184, 478)
(188, 478)
(189, 479)
(187, 477)
(190, 479)
(189, 477)
(188, 477)
(186, 478)
(185, 476)
(183, 479)
(184, 479)

Contour 216:
(378, 481)
(381, 481)
(382, 477)
(382, 477)
(381, 480)
(379, 479)

Contour 217:
(387, 478)
(387, 480)
(388, 478)
(388, 478)

Contour 218:
(394, 482)
(394, 480)
(393, 483)
(391, 479)

Contour 219:
(206, 479)
(204, 482)
(205, 481)
(202, 482)
(203, 478)
(200, 482)
(200, 482)
(202, 478)
(199, 481)
(197, 481)
(199, 478)
(194, 479)
(197, 479)
(196, 478)
(193, 479)
(192, 478)
(194, 481)
(192, 481)
(193, 479)
(194, 480)
(198, 479)
(200, 479)
(198, 478)
(198, 480)
(202, 480)
(200, 480)
(205, 481)
(204, 481)
(205, 482)
(207, 481)
(207, 481)
(209, 479)
(207, 481)
(208, 482)
(212, 480)
(211, 482)
(212, 480)
(216, 480)
(213, 482)
(216, 482)
(218, 480)
(219, 481)
(215, 483)
(214, 483)
(217, 480)
(215, 480)
(211, 482)
(210, 480)
(211, 482)
(210, 482)
(208, 480)
(208, 479)

Contour 220:
(399, 485)
(402, 481)
(401, 483)
(396, 481)
(395, 481)
(398, 480)
(398, 482)
(398, 481)
(400, 482)
(401, 481)
(400, 482)
(403, 483)
(401, 483)
(401, 482)

Contour 221:
(231, 482)
(234, 481)
(230, 484)
(231, 482)
(227, 485)
(226, 485)
(227, 482)
(225, 482)
(224, 483)
(222, 480)
(225, 482)
(222, 484)
(223, 481)
(221, 484)
(221, 483)
(220, 481)
(221, 483)
(225, 482)
(224, 484)
(226, 481)
(225, 483)
(228, 482)
(227, 481)
(230, 484)
(229, 482)
(231, 481)
(232, 482)
(232, 482)

Contour 222:
(410, 485)
(410, 486)
(406, 482)
(407, 483)
(404, 485)
(405, 483)
(406, 485)
(407, 482)
(407, 486)
(410, 487)
(410, 485)
(412, 485)

Contour 223:
(415, 486)
(412, 485)

Contour 224:
(421, 489)
(419, 487)
(420, 487)
(421, 487)
(417, 488)
(415, 489)
(417, 489)
(417, 486)
(420, 489)
(417, 486)
(418, 488)
(420, 486)
(421, 488)

Contour 225:
(427, 492)
(425, 490)
(427, 491)
(423, 490)
(423, 492)
(427, 490)
(426, 489)
(428, 490)

Contour 226:
(427, 497)
(428, 496)

Contour 227:
(304, 494)
(304, 493)
(300, 493)
(299, 495)
(298, 494)
(301, 497)
(300, 492)
(296, 495)
(294, 497)
(294, 493)
(294, 492)
(291, 494)
(291, 494)
(289, 494)
(289, 495)
(287, 490)
(287, 491)
(288, 493)
(288, 491)
(284, 491)
(282, 492)
(282, 491)
(284, 494)
(281, 489)
(282, 491)
(281, 493)
(276, 490)
(279, 488)
(277, 491)
(277, 489)
(276, 492)
(273, 488)
(271, 488)
(272, 488)
(271, 489)
(267, 487)
(269, 487)
(265, 490)
(265, 488)
(267, 490)
(265, 489)
(262, 490)
(261, 486)
(262, 489)
(260, 487)
(260, 489)
(257, 487)
(258, 488)
(256, 486)
(254, 488)
(256, 486)
(255, 487)
(254, 484)
(253, 484)
(249, 488)
(247, 485)
(246, 486)
(249, 487)
(246, 485)
(247, 483)
(246, 483)
(241, 483)
(243, 487)
(239, 485)
(242, 486)
(239, 483)
(239, 482)
(238, 482)
(238, 485)
(237, 484)
(238, 484)
(241, 486)
(239, 485)
(243, 484)
(240, 484)
(245, 483)
(244, 485)
(243, 484)
(247, 484)
(246, 487)
(250, 487)
(251, 485)
(249, 488)
(253, 486)
(250, 485)
(252, 488)
(253, 485)
(256, 485)
(258, 487)
(255, 489)
(256, 486)
(258, 489)
(262, 489)
(259, 488)
(262, 486)
(262, 488)
(262, 487)
(263, 487)
(268, 489)
(267, 489)
(270, 490)
(269, 491)
(268, 487)
(273, 488)
(271, 490)
(274, 488)
(274, 489)
(277, 489)
(277, 491)
(276, 492)
(279, 489)
(278, 491)
(278, 491)
(281, 490)
(282, 489)
(285, 490)
(285, 492)
(286, 494)
(285, 493)
(286, 492)
(290, 492)
(287, 493)
(292, 493)
(293, 492)
(290, 491)
(291, 492)
(294, 495)
(296, 495)
(296, 494)
(295, 495)
(296, 494)
(299, 493)
(299, 494)
(303, 497)
(304, 493)
(303, 493)
(303, 497)
(303, 494)
(308, 498)
(306, 496)
(310, 497)
(308, 497)
(307, 497)
(306, 496)

Contour 228:
(310, 497)
(310, 496)
(308, 499)
(313, 499)
(312, 497)
(311, 497)

Contour 229:
(330, 502)
(329, 504)
(328, 503)
(330, 504)
(330, 499)
(325, 499)
(328, 503)
(326, 500)
(322, 502)
(325, 498)
(324, 501)
(319, 498)
(318, 499)
(319, 499)
(317, 500)
(315, 498)
(314, 498)
(314, 498)
(316, 499)
(319, 498)
(318, 498)
(317, 498)
(322, 500)
(323, 500)
(323, 501)
(323, 501)
(322, 500)
(326, 502)
(326, 502)
(327, 501)
(329, 501)
(328, 502)
(332, 500)
(331, 500)
(330, 500)
(335, 502)
(335, 504)

Contour 230:
(343, 504)
(344, 503)
(340, 506)
(343, 506)
(339, 506)
(337, 504)
(338, 503)
(335, 505)
(335, 506)
(333, 502)
(336, 501)
(335, 502)
(336, 501)
(339, 506)
(337, 506)
(338, 504)
(342, 503)
(340, 506)
(342, 507)
(343, 507)

Contour 231:
(345, 505)
(346, 506)
(348, 504)

Contour 232:
(418, 509)
(420, 509)
(420, 506)
(423, 508)
(425, 507)
(425, 503)
(424, 506)
(425, 503)
(428, 503)
(430, 499)
(429, 502)
(427, 497)
(429, 500)
(430, 498)
(430, 495)
(428, 500)
(427, 498)
(429, 498)
(426, 501)
(431, 502)
(429, 503)
(429, 502)
(429, 506)
(428, 505)
(426, 504)
(426, 505)
(426, 506)
(421, 508)
(420, 509)
(419, 510)

Contour 233:
(418, 512)
(415, 510)
(419, 509)
(416, 512)

Contour 234:
(362, 511)
(360, 511)
(361, 508)
(360, 508)
(357, 511)
(354, 507)
(353, 508)
(354, 509)
(355, 509)
(351, 508)
(350, 509)
(349, 510)
(351, 507)
(352, 505)
(349, 507)
(352, 507)
(353, 510)
(353, 507)
(357, 509)
(354, 509)
(356, 508)
(356, 510)
(357, 509)
(360, 508)
(361, 508)
(362, 512)
(362, 512)
(363, 509)
(362, 509)

Contour 235:
(411, 512)
(414, 512)

Contour 236:
(369, 514)
(364, 513)
(364, 509)
(368, 511)
(367, 510)
(366, 509)
(369, 512)
(371, 513)
(370, 514)
(372, 513)
(374, 511)
(374, 510)
(369, 514)
(368, 513)
(370, 514)
(367, 509)

Contour 237:
(373, 511)
(377, 515)
(376, 512)
(377, 515)
(375, 514)
(375, 512)

Contour 238:
(382, 516)
(382, 512)
(383, 514)
(386, 512)
(385, 516)
(384, 513)
(383, 512)
(382, 514)

Contour 239:
(387, 516)
(390, 516)
(389, 514)
(391, 517)
(393, 515)
(394, 513)
(395, 513)
(392, 517)
(393, 516)
(397, 515)
(397, 516)
(395, 513)
(397, 517)
(394, 514)
(393, 517)
(390, 516)
(393, 513)
(392, 517)
(389, 517)
(386, 516)

Contour 240:
(401, 514)
(401, 517)
(399, 513)
(400, 517)
(401, 513)
(404, 516)
(403, 516)
(407, 517)
(407, 512)
(408, 512)
(410, 516)
(408, 513)
(413, 512)
(412, 512)
(410, 516)
(410, 513)
(405, 516)
(407, 514)
(403, 517)
(404, 515)
(401, 514)
(401, 513)
(401, 513)

Contour 241:
(360, 597)
(360, 600)
(365, 598)
(364, 600)
(365, 600)
(365, 599)
(369, 596)
(369, 599)
(370, 597)
(370, 597)
(371, 600)
(372, 596)
(372, 598)
(375, 599)
(377, 599)
(374, 598)
(375, 600)
(378, 599)
(377, 599)
(379, 597)
(380, 596)
(384, 597)
(382, 598)
(384, 596)
(387, 599)
(384, 599)
(385, 596)
(386, 600)
(389, 600)
(388, 597)
(391, 598)
(392, 596)
(393, 596)
(394, 598)
(396, 598)
(396, 599)
(396, 600)
(400, 596)
(397, 597)
(401, 598)
(401, 596)
(402, 596)
(403, 599)
(404, 596)
(406, 600)
(405, 600)
(405, 597)
(407, 600)
(409, 596)
(408, 597)
(411, 597)
(410, 600)
(409, 596)
(408, 600)
(403, 598)
(403, 596)
(401, 597)
(400, 599)
(399, 597)
(401, 596)
(401, 599)
(397, 599)
(398, 597)
(394, 596)
(396, 597)
(392, 600)
(392, 599)
(391, 600)
(389, 600)
(390, 599)
(389, 599)
(389, 599)
(389, 599)
(387, 597)
(384, 596)
(382, 600)
(382, 600)
(382, 598)
(379, 598)
(380, 597)
(377, 599)
(376, 599)
(378, 600)
(376, 597)
(373, 597)
(373, 600)
(375, 596)
(374, 600)
(373, 600)
(368, 600)
(368, 596)
(369, 596)
(368, 597)
(366, 596)
(365, 600)
(364, 599)
(363, 599)
(360, 598)

Contour 242:
(321, 597)
(323, 598)
(321, 598)
(321, 598)
(324, 600)
(325, 597)
(327, 596)
(328, 597)
(328, 600)
(329, 596)
(328, 599)
(328, 600)
(327, 599)
(327, 596)
(324, 598)
(323, 597)
(323, 596)
(319, 600)

Contour 243:
(300, 597)
(302, 597)
(306, 596)
(307, 599)
(304, 597)
(306, 600)
(308, 596)
(309, 597)
(309, 597)
(311, 596)
(313, 598)
(314, 598)
(314, 597)
(311, 598)
(310, 599)
(311, 600)
(310, 598)
(311, 599)
(310, 599)
(306, 600)
(304, 599)
(304, 598)
(305, 596)
(303, 597)

Contour 244:
(231, 602)
(233, 597)
(229, 601)
(231, 600)
(231, 597)
(229, 601)
(227, 600)
(224, 601)
(223, 598)
(223, 600)
(223, 599)
(226, 599)
(223, 597)
(228, 599)
(225, 596)
(227, 597)
(230, 599)
(232, 597)
(232, 600)
(230, 597)
(235, 599)
(233, 600)
(236, 600)
(236, 597)
(236, 599)
(236, 597)
(237, 596)
(238, 598)
(239, 598)
(240, 596)
(241, 599)
(245, 599)
(244, 598)
(248, 599)
(245, 600)
(250, 598)
(247, 600)
(252, 598)
(251, 599)
(250, 600)
(255, 599)
(253, 597)
(257, 598)
(256, 598)
(258, 598)
(260, 600)
(257, 599)
(261, 598)
(262, 600)
(260, 597)
(265, 597)
(263, 598)
(264, 598)
(266, 600)
(267, 597)
(267, 598)
(270, 599)
(269, 599)
(270, 598)
(273, 597)
(272, 597)
(274, 596)
(273, 599)
(275, 599)
(275, 597)
(280, 599)
(278, 600)
(280, 598)
(279, 597)
(283, 597)
(282, 600)
(283, 598)
(287, 599)
(288, 597)
(285, 596)
(286, 596)
(287, 598)
(290, 600)
(292, 599)
(293, 596)
(293, 596)
(292, 598)
(297, 600)
(295, 597)
(296, 601)
(294, 601)
(295, 601)
(290, 600)
(290, 599)
(290, 600)
(290, 600)
(290, 602)
(287, 601)
(284, 598)
(283, 599)
(284, 602)
(281, 599)
(284, 600)
(279, 600)
(282, 598)
(277, 601)
(280, 600)
(279, 599)
(274, 599)
(273, 598)
(273, 601)
(274, 599)
(270, 598)
(269, 598)
(272, 600)
(268, 597)
(270, 598)
(268, 601)
(264, 601)
(266, 598)
(264, 601)
(261, 597)
(263, 600)
(261, 597)
(260, 597)
(259, 598)
(256, 599)
(256, 598)
(255, 598)
(255, 598)
(255, 597)
(251, 600)
(254, 600)
(251, 600)
(251, 598)
(247, 598)
(246, 601)
(246, 600)
(245, 599)
(247, 600)
(244, 599)
(243, 599)
(243, 602)
(241, 600)
(241, 599)
(237, 602)
(240, 602)
(236, 598)
(236, 598)
(233, 599)
(233, 600)

